[gd_scene format=3 uid="uid://b8k0n7i8wwixf"]

[ext_resource type="Script" uid="uid://b2r4u17q7k0oh" path="res://_/projet/Richard/Scripts/katana_raycast_to_point.gd" id="1_3m8lq"]
[ext_resource type="ArrayMesh" uid="uid://yeo16mokqi38" path="res://_/projet/Richard/Assets/Katana.obj" id="1_mo78c"]
[ext_resource type="Texture2D" uid="uid://clyxu0qw5fjtn" path="res://_/projet/Richard/Assets/katanaTex.png" id="2_3m8lq"]
[ext_resource type="Texture2D" uid="uid://vnxl0q7hjh15" path="res://_/projet/Richard/Assets/2D_writable_texture.png" id="4_3vitg"]
[ext_resource type="PackedScene" uid="uid://btbbr057a83en" path="res://_/projet/_Jürgen/Scenes/position_du_sabre.tscn" id="5_1he0v"]
[ext_resource type="Script" uid="uid://cp2mcj4870i2a" path="res://_/projet/_Jürgen/Scripts/relocated_point_of_katana.gd" id="6_reeod"]

[sub_resource type="StandardMaterial3D" id="StandardMaterial3D_5eyr7"]
albedo_texture = ExtResource("2_3m8lq")

[sub_resource type="SphereMesh" id="SphereMesh_3m8lq"]

[sub_resource type="StandardMaterial3D" id="StandardMaterial3D_ktqcq"]
shading_mode = 0
albedo_color = Color(1, 0, 0, 1)

[sub_resource type="StandardMaterial3D" id="StandardMaterial3D_3vitg"]
albedo_texture = ExtResource("4_3vitg")

[sub_resource type="QuadMesh" id="QuadMesh_nmnny"]
material = SubResource("StandardMaterial3D_3vitg")

[sub_resource type="BoxShape3D" id="BoxShape3D_3vitg"]
size = Vector3(1, 1, 0.019470215)

[sub_resource type="Animation" id="Animation_ckaau"]
length = 0.001
tracks/0/type = "value"
tracks/0/imported = false
tracks/0/enabled = true
tracks/0/path = NodePath("Anchor:position")
tracks/0/interp = 1
tracks/0/loop_wrap = true
tracks/0/keys = {
"times": PackedFloat32Array(0),
"transitions": PackedFloat32Array(1),
"update": 0,
"values": [Vector3(0, 0, 0)]
}

[sub_resource type="Animation" id="Animation_30psc"]
resource_name = "up down"
length = 3.0666666
loop_mode = 2
tracks/0/type = "value"
tracks/0/imported = false
tracks/0/enabled = true
tracks/0/path = NodePath("Anchor:position")
tracks/0/interp = 1
tracks/0/loop_wrap = true
tracks/0/keys = {
"times": PackedFloat32Array(0, 1.54, 3.0666666),
"transitions": PackedFloat32Array(1, 1, 1),
"update": 0,
"values": [Vector3(0, 0, 0), Vector3(0, 1.6510068, 0), Vector3(0, 1.1538285, 0)]
}

[sub_resource type="AnimationLibrary" id="AnimationLibrary_apnx7"]
_data = {
&"RESET": SubResource("Animation_ckaau"),
&"up down": SubResource("Animation_30psc")
}

[sub_resource type="ViewportTexture" id="ViewportTexture_7eux6"]
viewport_path = NodePath("SubViewport")

[sub_resource type="StandardMaterial3D" id="StandardMaterial3D_d2efr"]
resource_local_to_scene = true
transparency = 1
albedo_color = Color(0.56078434, 0.7372549, 0.5254902, 1)
albedo_texture = SubResource("ViewportTexture_7eux6")

[node name="KatanaPaint" type="Node3D" unique_id=1609574989]

[node name="Katana" type="Node3D" parent="." unique_id=1135263213 node_paths=PackedStringArray("raycast_line", "debug_point")]
transform = Transform3D(1, 0, 0, 0, -0.018726967, -0.99982464, 0, 0.99982464, -0.018726967, -0.0029023886, 0.6912966, -0.5000831)
script = ExtResource("1_3m8lq")
raycast_line = [NodePath("RayCast3D6"), NodePath("RayCast3D5"), NodePath("RayCast3D4"), NodePath("RayCast3D3"), NodePath("RayCast3D2"), NodePath("RayCast3D")]
debug_point = NodePath("MeshInstance3D2")
debug_point_vector3 = null
brush_color = null
clear_color = Color(1, 1, 1, 1)

[node name="MeshInstance3D" type="MeshInstance3D" parent="Katana" unique_id=1032948131]
transform = Transform3D(0.14, 0, 0, 0, 0.14, 0, 0, 0, 0.14, 0, -0.1281094, -0.119844705)
mesh = ExtResource("1_mo78c")
surface_material_override/0 = SubResource("StandardMaterial3D_5eyr7")

[node name="RayCast3D" type="RayCast3D" parent="Katana" unique_id=1871800223]
transform = Transform3D(1, 0, 0, 0, 0.9997422, 0.022705529, 0, -0.022705529, 0.9997422, 0, 0.23319897, 0.030818716)
target_position = Vector3(0, 0.2, 0)
debug_shape_custom_color = Color(1, 0, 0, 1)
debug_shape_thickness = 1

[node name="RayCast3D2" type="RayCast3D" parent="Katana" unique_id=1949211062]
transform = Transform3D(1, 0, 0, 0, 0.9966876, 0.081325024, 0, -0.081325024, 0.9966876, 0, 0.432584, 0.02450575)
target_position = Vector3(0, 0.2, 0)
debug_shape_custom_color = Color(1, 0, 0, 1)
debug_shape_thickness = 1

[node name="RayCast3D3" type="RayCast3D" parent="Katana" unique_id=742209066]
transform = Transform3D(1, 0, 0, 0, 0.98837316, 0.1520476, 0, -0.1520476, 0.98837316, 0, 0.63091683, 0.009249378)
target_position = Vector3(0, 0.2, 0)
debug_shape_custom_color = Color(1, 0, 0, 1)
debug_shape_thickness = 1

[node name="RayCast3D4" type="RayCast3D" parent="Katana" unique_id=1447967510]
transform = Transform3D(1, 0, 0, 0, 0.9783783, 0.206823, 0, -0.206823, 0.9783783, 0, 0.8291736, -0.02224268)
target_position = Vector3(0, 0.18, 0)
debug_shape_custom_color = Color(1, 0, 0, 1)
debug_shape_thickness = 1

[node name="RayCast3D5" type="RayCast3D" parent="Katana" unique_id=2132601602]
transform = Transform3D(1, 0, 0, 0, 0.84834397, 0.5294455, 0, -0.5294455, 0.84834397, 0, 1.0045271, -0.058744833)
target_position = Vector3(0, 0.035, 0)
debug_shape_custom_color = Color(1, 0, 0, 1)
debug_shape_thickness = 1

[node name="RayCast3D6" type="RayCast3D" parent="Katana" unique_id=1367016382]
transform = Transform3D(1, 0, 0, 0, 0.5035186, 0.8639844, 0, -0.8639844, 0.5035186, 0, 1.0360216, -0.07764153)
target_position = Vector3(0, 0.035, 0)
debug_shape_custom_color = Color(1, 0, 0, 1)
debug_shape_thickness = 1

[node name="MeshInstance3D2" type="MeshInstance3D" parent="Katana" unique_id=1562805814]
transform = Transform3D(0.03, 0, 0, 0, 0.03, 0, 0, 0, 0.03, 0, 0.47704583, 0.13343929)
mesh = SubResource("SphereMesh_3m8lq")
surface_material_override/0 = SubResource("StandardMaterial3D_ktqcq")

[node name="Node3D2" type="Node3D" parent="." unique_id=1137499325]

[node name="Anchor" type="Node3D" parent="Node3D2" unique_id=88601096]
transform = Transform3D(-0.9925221, 0, 0.12206475, 0, 1, 0, -0.12206475, 0, -0.9925221, 0, 0, 0)

[node name="MeshInstance3D" type="MeshInstance3D" parent="Node3D2/Anchor" unique_id=1441852178]
layers = 3
mesh = SubResource("QuadMesh_nmnny")
skeleton = NodePath("StaticBody3D")

[node name="StaticBody3D" type="StaticBody3D" parent="Node3D2/Anchor/MeshInstance3D" unique_id=1397914552]

[node name="CollisionShape3D" type="CollisionShape3D" parent="Node3D2/Anchor/MeshInstance3D/StaticBody3D" unique_id=1338952384]
transform = Transform3D(1, 0, 0, 0, 1, 0, 0, 0, 1, 0, 0, -0.0046081543)
shape = SubResource("BoxShape3D_3vitg")

[node name="AnimationPlayer" type="AnimationPlayer" parent="Node3D2" unique_id=1701183071]
libraries/ = SubResource("AnimationLibrary_apnx7")
autoplay = &"up down"

[node name="Camera3D" type="Camera3D" parent="." unique_id=593476175]
transform = Transform3D(-0.99651754, 0.07851671, -0.028073292, 0.05817299, 0.8958382, 0.44055638, 0.059740163, 0.43738905, -0.8972859, -0.13153934, 1.1465588, -1.1656736)

[node name="DirectionalLight3D" type="SpotLight3D" parent="." unique_id=1176857340]
transform = Transform3D(-0.98536646, -0.063394904, 0.15822142, 0, 0.9282614, 0.3719284, -0.17044921, 0.36648577, -0.9146777, 0, 1.4091115, -2.3790429)

[node name="Scripts" type="Node3D" parent="." unique_id=380061227]

[node name="PositionDuSabre" parent="Scripts" unique_id=704180931 instance=ExtResource("5_1he0v")]
visible = false

[node name="Sprite2D" parent="Scripts/PositionDuSabre/SubViewport" parent_id_path=PackedInt32Array(704180931, 240347611) index="0" unique_id=1459200077]
visible = false

[node name="Script" parent="Scripts/PositionDuSabre" index="1" unique_id=835427384]
point_of_katana = Vector3(0, 0, 0)

[node name="Kanji_Support" parent="Scripts/PositionDuSabre/Quad" parent_id_path=PackedInt32Array(704180931, 458882736) index="0" unique_id=1440527393]
surface_material_override/0 = SubResource("StandardMaterial3D_d2efr")

[node name="RelocatedPointOfKatana" type="Node" parent="Scripts/PositionDuSabre/Percentage_Texture_Collision" parent_id_path=PackedInt32Array(704180931, 2101423386) index="0" unique_id=1985904353 node_paths=PackedStringArray("down_left", "top_right", "pixel_counter")]
script = ExtResource("6_reeod")
down_left = NodePath("../../Quad/down_left")
top_right = NodePath("../../Quad/up_right")
pixel_counter = NodePath("../../Script/PixelCounter")
metadata/_custom_type_script = "uid://cp2mcj4870i2a"

[connection signal="katana_collision_point" from="Katana" to="Scripts/PositionDuSabre/Percentage_Texture_Collision/RelocatedPointOfKatana" method="import_point_of_katana"]
[connection signal="katana_is_touching" from="Katana" to="Katana/MeshInstance3D2" method="set_visible"]
[connection signal="local_percentage_emit" from="Scripts/PositionDuSabre/Percentage_Texture_Collision/RelocatedPointOfKatana" to="Katana" method="draw_with_percent_top_down"]

[editable path="Scripts/PositionDuSabre"]
